Mean distance + / - Mean d RMS    Mean speed + / - Mean s RMS
       34.727           11.206       116.914           41.057
       36.014            6.436        95.979           53.553
       35.483            6.712        81.971           48.137
       34.127            7.774        79.180           51.467
       34.683            7.397        81.923           52.419
       34.803            7.674        81.820           46.771
       34.452            7.580        77.671           40.677
       34.107            7.457        71.852           40.916
       33.673            7.173        70.708           39.392
       33.957            7.622        98.053          194.374
       33.769            6.959        96.282          193.891
